TITLE	JS187_5E-5_H2O_asprep
DATA TYPE	
ORIGIN	JASCO
OWNER	
DATE	23/06/12
TIME	14:57:21
SPECTROMETER/DATA SYSTEM	
LOCALE	1033
RESOLUTION	
DELTAX	-1
XUNITS	NANOMETERS
YUNITS	CD [mdeg]
Y2UNITS	LD [dOD]
Y3UNITS	HT [V]
Y4UNITS	ABSORBANCE
FIRSTX	  700.0000
LASTX	  200.0000
NPOINTS	     501
FIRSTY	    -0.40773
MAXY	    35.13374
MINY	   -28.65390
XYDATA
700.0000	-0.407729	-0.000860733	311.315	0.0602823
699.0000	-0.659721	-0.000857041	310.922	0.0609629
698.0000	-0.565742	-0.000839778	310.358	0.0615067
697.0000	-0.929981	-0.000817427	309.647	0.0622552
696.0000	-0.910561	-0.000830616	308.741	0.0619069
695.0000	-0.676469	-0.000831032	307.635	0.0603612
694.0000	-0.539714	-0.000826154	306.479	0.0598565
693.0000	-0.213636	-0.000816333	305.35	0.0633258
692.0000	-0.256005	-0.00079843	304.416	0.0690397
691.0000	-0.224651	-0.000800508	303.724	0.0769328
690.0000	-0.0664705	-0.000797474	303.26	0.08438
689.0000	-0.0494157	-0.000785152	302.993	0.0902371
688.0000	-0.234497	-0.000786948	302.841	0.0937904
687.0000	-0.528855	-0.000783293	302.844	0.0967621
686.0000	-0.342782	-0.000788212	303.071	0.0999377
685.0000	-0.349394	-0.000757954	303.51	0.102623
684.0000	-0.549238	-0.000774746	304.078	0.103449
683.0000	-0.57746	-0.000774119	304.653	0.102956
682.0000	-0.502319	-0.000794293	305.386	0.103558
681.0000	-0.506704	-0.000768277	306.227	0.104694
680.0000	-0.662476	-0.000745148	306.966	0.103283
679.0000	-0.676912	-0.000734689	307.37	0.0983054
678.0000	-0.673754	-0.000745935	307.424	0.0945728
677.0000	-0.642221	-0.00074187	307.371	0.0934796
676.0000	-0.681134	-0.000753988	307.304	0.0939903
675.0000	-1.06271	-0.000750446	307.249	0.095164
674.0000	-1.01801	-0.000756137	307.269	0.0976241
673.0000	-0.981873	-0.000752795	307.329	0.0999771
672.0000	-1.13267	-0.000768726	307.417	0.101819
671.0000	-0.942915	-0.000781226	307.503	0.102742
670.0000	-0.796417	-0.000755864	307.589	0.104252
669.0000	-0.517838	-0.000738281	307.703	0.105706
668.0000	-0.498975	-0.000731771	307.85	0.106917
667.0000	-0.343757	-0.000716227	308.027	0.107347
666.0000	-0.33042	-0.000703543	308.278	0.108576
665.0000	-0.165004	-0.000695875	308.541	0.109803
664.0000	-0.338342	-0.000693126	308.833	0.11041
663.0000	-0.215426	-0.000691432	309.086	0.110215
662.0000	-0.0428133	-0.000680932	309.285	0.110683
661.0000	0.140189	-0.000668172	309.444	0.111581
660.0000	0.082556	-0.00065123	309.535	0.112695
659.0000	0.104117	-0.000652463	309.596	0.112467
658.0000	0.155811	-0.000658139	309.578	0.112315
657.0000	0.478074	-0.000635762	309.496	0.11195
656.0000	0.249643	-0.00063467	309.345	0.112619
655.0000	0.147805	-0.000656811	309.079	0.112512
654.0000	-0.250603	-0.000681008	308.697	0.111882
653.0000	-0.21195	-0.000688084	308.257	0.111714
652.0000	-0.165493	-0.00067923	307.79	0.114753
651.0000	-0.0324454	-0.000687817	307.449	0.118346
650.0000	-0.178476	-0.000704652	307.262	0.122323
649.0000	-0.255347	-0.000696551	307.272	0.125792
648.0000	-0.186662	-0.000689926	307.463	0.129087
647.0000	-0.066527	-0.000699817	307.817	0.13182
646.0000	0.0776091	-0.000684453	308.235	0.133806
645.0000	-0.0678262	-0.000691068	308.653	0.134125
644.0000	0.0953374	-0.000681312	308.989	0.133412
643.0000	0.112184	-0.000702186	309.193	0.132874
642.0000	0.192742	-0.000698844	309.292	0.13249
641.0000	0.125857	-0.000706716	309.321	0.132126
640.0000	-0.218031	-0.000721016	309.268	0.132751
639.0000	-0.106708	-0.000713634	309.152	0.133086
638.0000	-0.268098	-0.000717911	308.986	0.134349
637.0000	-0.26062	-0.000688545	308.814	0.135843
636.0000	-0.383591	-0.000680138	308.642	0.137482
635.0000	-0.206562	-0.000656168	308.478	0.139641
634.0000	-0.230802	-0.000644179	308.365	0.141999
633.0000	-0.261326	-0.000639854	308.291	0.144124
632.0000	-0.554484	-0.000635701	308.231	0.145792
631.0000	-0.430806	-0.000638759	308.214	0.147606
630.0000	-0.458962	-0.000664549	308.206	0.149431
629.0000	-0.544965	-0.000669936	308.188	0.150559
628.0000	-0.599449	-0.000671599	308.158	0.151995
627.0000	-0.846144	-0.000686392	308.085	0.153383
626.0000	-0.720636	-0.000672808	308.008	0.155127
625.0000	-0.674196	-0.000673875	307.912	0.157511
624.0000	-0.79539	-0.000688547	307.833	0.159877
623.0000	-0.807765	-0.000670554	307.811	0.163227
622.0000	-0.734067	-0.000686619	307.854	0.166044
621.0000	-0.846671	-0.000674568	307.949	0.168826
620.0000	-0.793263	-0.00066208	308.118	0.171199
619.0000	-0.882049	-0.000673896	308.354	0.173979
618.0000	-1.03016	-0.000686404	308.678	0.177019
617.0000	-0.797116	-0.000681001	309.035	0.178381
616.0000	-1.13682	-0.000675629	309.414	0.180568
615.0000	-0.859006	-0.000697311	309.766	0.182035
614.0000	-0.768399	-0.000705319	310.145	0.184183
613.0000	-0.920893	-0.000719067	310.502	0.186088
612.0000	-0.797701	-0.000703097	310.868	0.188282
611.0000	-0.937718	-0.00071835	311.243	0.190922
610.0000	-1.20596	-0.00072804	311.605	0.193726
609.0000	-1.08722	-0.000722501	311.924	0.195951
608.0000	-0.954691	-0.000706205	312.202	0.198279
607.0000	-1.2789	-0.000700045	312.467	0.200548
606.0000	-1.29187	-0.000694907	312.737	0.203549
605.0000	-1.27129	-0.00066974	312.988	0.205922
604.0000	-1.05311	-0.000657819	313.229	0.209012
603.0000	-0.940266	-0.000643297	313.441	0.211811
602.0000	-0.93526	-0.0006637	313.641	0.215354
601.0000	-1.00317	-0.000651078	313.841	0.218639
600.0000	-0.957533	-0.000649949	314.029	0.222063
599.0000	-1.503	-0.000673095	314.15	0.226067
598.0000	-1.41603	-0.000671341	314.271	0.230555
597.0000	-1.64306	-0.000698512	314.326	0.234358
596.0000	-1.91953	-0.00071187	314.387	0.239103
595.0000	-1.86818	-0.000697639	314.412	0.24337
594.0000	-1.93427	-0.000711805	314.411	0.248434
593.0000	-1.7158	-0.000700286	314.452	0.253651
592.0000	-1.56002	-0.000714925	314.526	0.259725
591.0000	-1.47319	-0.000713136	314.701	0.265692
590.0000	-1.27148	-0.000705939	314.892	0.2722
589.0000	-1.40601	-0.0006849	315.15	0.278268
588.0000	-0.933983	-0.000673331	315.482	0.286441
587.0000	-0.461764	-0.000649124	315.888	0.293576
586.0000	-0.245193	-0.000606528	316.418	0.301925
585.0000	-0.211146	-0.000570503	316.975	0.310464
584.0000	-0.0560113	-0.000563579	317.549	0.317959
583.0000	0.28222	-0.000530932	318.201	0.326291
582.0000	0.707233	-0.000506596	318.979	0.336498
581.0000	0.708104	-0.000477164	319.839	0.346781
580.0000	1.32609	-0.00045101	320.766	0.358549
579.0000	2.23467	-0.000435993	321.691	0.369534
578.0000	3.12591	-0.000361836	322.664	0.381386
577.0000	4.33637	-0.000312101	323.762	0.395209
576.0000	5.70542	-0.000269362	324.949	0.409557
575.0000	7.33069	-0.000208946	326.232	0.424302
574.0000	9.37679	-0.000140908	327.523	0.438794
573.0000	10.8445	-7.78157E-005	328.863	0.45456
572.0000	12.4761	-1.74371E-005	330.246	0.470609
571.0000	14.4513	4.32122E-005	331.823	0.488651
570.0000	16.4395	0.000123553	333.404	0.507419
569.0000	18.2913	0.000206082	335.055	0.525456
568.0000	20.4233	0.000291066	336.75	0.543834
567.0000	22.1213	0.000347699	338.338	0.561154
566.0000	23.701	0.000438785	339.885	0.577179
565.0000	25.3607	0.00049895	341.303	0.593043
564.0000	26.435	0.000525395	342.582	0.607498
563.0000	26.7702	0.000548257	343.708	0.620192
562.0000	27.4109	0.000586448	344.607	0.631327
561.0000	26.9109	0.000630642	345.386	0.641937
560.0000	26.0298	0.000633831	346.059	0.651485
559.0000	25.2548	0.000601274	346.512	0.658655
558.0000	23.815	0.000577692	346.738	0.663596
557.0000	22.3411	0.000564134	346.714	0.666378
556.0000	21.1357	0.00053435	346.534	0.667642
555.0000	19.6476	0.000484746	346.198	0.666755
554.0000	18.4618	0.000402042	345.683	0.66495
553.0000	17.1813	0.000364173	345.059	0.661793
552.0000	16.107	0.000335523	344.343	0.65723
551.0000	15.2473	0.000294535	343.625	0.652497
550.0000	14.6169	0.000271541	342.871	0.647629
549.0000	14.1467	0.000260196	342.081	0.642749
548.0000	13.6133	0.000254751	341.358	0.638637
547.0000	13.1739	0.000241885	340.675	0.634942
546.0000	12.9393	0.000234901	340.085	0.63271
545.0000	12.8489	0.000230132	339.62	0.632157
544.0000	13.0896	0.000250648	339.296	0.631387
543.0000	13.1426	0.000240996	339.089	0.631994
542.0000	13.5101	0.000247736	339.068	0.634077
541.0000	14.0712	0.000279722	339.114	0.636659
540.0000	15.044	0.000330892	339.301	0.640738
539.0000	15.2793	0.000339211	339.582	0.64514
538.0000	16.3152	0.000349757	339.985	0.650983
537.0000	16.8853	0.000372178	340.46	0.658503
536.0000	17.6532	0.000394077	341.018	0.666823
535.0000	18.2901	0.000400289	341.636	0.675347
534.0000	18.4366	0.000432498	342.327	0.684933
533.0000	18.6161	0.000441373	343.095	0.694768
532.0000	18.6646	0.000457139	343.875	0.704832
531.0000	18.4984	0.000460476	344.654	0.715495
530.0000	18.2566	0.00047768	345.506	0.726045
529.0000	17.6133	0.000482037	346.332	0.736804
528.0000	17.3398	0.000498265	347.015	0.746285
527.0000	16.6003	0.000478757	347.688	0.755488
526.0000	15.5379	0.000470681	348.301	0.764306
525.0000	14.0119	0.000461048	348.839	0.77236
524.0000	12.6015	0.000443579	349.293	0.779417
523.0000	11.117	0.000394123	349.606	0.785882
522.0000	9.16012	0.000380147	349.857	0.791788
521.0000	7.20881	0.000328787	350.05	0.796654
520.0000	5.46563	0.000289864	350.147	0.800232
519.0000	3.78919	0.000250461	350.18	0.803509
518.0000	2.28222	0.000199937	350.154	0.806001
517.0000	0.573694	0.000128317	350.05	0.808084
516.0000	-0.940049	0.000113152	349.908	0.809969
515.0000	-2.17435	6.02428E-005	349.777	0.811056
514.0000	-3.16062	4.29541E-005	349.644	0.812301
513.0000	-4.16642	-1.90235E-005	349.495	0.813396
512.0000	-4.94722	-1.83065E-005	349.381	0.814266
511.0000	-6.08206	-1.90318E-005	349.283	0.814939
510.0000	-6.79654	-3.95999E-005	349.199	0.815904
509.0000	-7.95028	-7.20945E-005	349.08	0.816486
508.0000	-8.6864	-8.23228E-005	348.912	0.817018
507.0000	-9.44198	-9.95965E-005	348.696	0.818248
506.0000	-10.102	-0.000113225	348.498	0.819852
505.0000	-10.8293	-0.000139559	348.353	0.821393
504.0000	-11.5494	-0.000150523	348.257	0.823065
503.0000	-11.866	-0.000143226	348.17	0.824053
502.0000	-12.6674	-0.000162583	348.027	0.825054
501.0000	-13.777	-0.000177098	347.905	0.825684
500.0000	-15.2344	-0.000204959	347.735	0.825891
499.0000	-16.1743	-0.000224476	347.376	0.825337
498.0000	-17.0703	-0.000264817	346.702	0.823903
497.0000	-18.4373	-0.000308931	345.529	0.820788
496.0000	-19.9525	-0.000340973	343.943	0.81862
495.0000	-21.1107	-0.000364713	342.28	0.819282
494.0000	-22.0155	-0.000405311	341.391	0.821321
493.0000	-23.0229	-0.000444581	340.909	0.820603
492.0000	-24.1665	-0.000445362	340.53	0.818764
491.0000	-25.3455	-0.000486291	340.401	0.818384
490.0000	-26.0132	-0.000529394	340.663	0.817624
489.0000	-26.8126	-0.000562768	341.023	0.813903
488.0000	-27.6725	-0.000600755	340.615	0.805727
487.0000	-28.0169	-0.000620582	339.155	0.798259
486.0000	-28.1299	-0.000642448	337.386	0.792916
485.0000	-28.4248	-0.000676855	335.491	0.786892
484.0000	-28.6539	-0.000716334	333.591	0.782681
483.0000	-28.5287	-0.000729545	332.373	0.77958
482.0000	-28.4093	-0.000733039	331.746	0.77526
481.0000	-28.0662	-0.000731037	331.414	0.7704
480.0000	-28.369	-0.000731947	331.338	0.764416
479.0000	-28.2819	-0.000727147	331.187	0.757181
478.0000	-27.862	-0.000717019	330.858	0.749168
477.0000	-27.7843	-0.000709405	329.298	0.735129
476.0000	-27.0725	-0.000688203	326.817	0.727479
475.0000	-26.3146	-0.000670064	324.786	0.719106
474.0000	-25.7706	-0.000668162	322.28	0.707879
473.0000	-24.9671	-0.000671392	319.338	0.697391
472.0000	-24.0893	-0.000657232	315.738	0.685732
471.0000	-23.0957	-0.000633133	312.508	0.681922
470.0000	-22.3834	-0.000613607	311.85	0.681315
469.0000	-21.7535	-0.000600262	311.041	0.670676
468.0000	-20.833	-0.000590828	309.984	0.662997
467.0000	-19.7896	-0.000578292	309.005	0.654642
466.0000	-19.085	-0.00056813	308.605	0.649406
465.0000	-18.254	-0.000562093	309.349	0.645506
464.0000	-17.4088	-0.000547659	310.352	0.632031
463.0000	-16.3952	-0.000511418	310.042	0.617318
462.0000	-15.4113	-0.00048571	309.147	0.606148
461.0000	-14.076	-0.000456882	308.52	0.597369
460.0000	-12.9869	-0.000429104	308.554	0.588173
459.0000	-11.5323	-0.000385097	308.482	0.575793
458.0000	-10.6787	-0.000340661	307.94	0.563021
457.0000	-9.69346	-0.000315638	307.097	0.551816
456.0000	-8.5071	-0.000277945	305.759	0.538935
455.0000	-7.6124	-0.000255464	304.738	0.529866
454.0000	-6.56737	-0.000216967	303.095	0.514038
453.0000	-5.59383	-0.000176	301.127	0.504638
452.0000	-5.07598	-0.000126141	300.156	0.495363
451.0000	-4.11889	-9.11797E-005	299.272	0.485262
450.0000	-3.44179	-4.69127E-005	298.536	0.475366
449.0000	-2.63385	-9.92322E-006	298.302	0.465364
448.0000	-2.16925	1.40685E-005	297.841	0.455631
447.0000	-1.70601	5.17843E-005	298.208	0.448961
446.0000	-1.41166	8.09837E-005	297.828	0.435538
445.0000	-0.750656	8.71357E-005	296.846	0.426459
444.0000	-0.426341	0.000109037	295.786	0.417703
443.0000	0.154883	0.000135851	294.657	0.409343
442.0000	0.280907	0.000176299	293.55	0.401907
441.0000	0.560257	0.000218074	292.614	0.395724
440.0000	0.903551	0.000235826	291.8	0.389569
439.0000	0.989042	0.00025579	291.129	0.383494
438.0000	1.12278	0.000286134	290.364	0.37606
437.0000	1.47509	0.00031433	289.625	0.368619
436.0000	1.4908	0.00033007	289.07	0.361333
435.0000	1.67479	0.000335537	288.67	0.354756
434.0000	1.83282	0.000359534	288.123	0.34754
433.0000	1.90657	0.000378766	287.505	0.341158
432.0000	1.83146	0.000399154	286.89	0.335104
431.0000	1.94524	0.000412298	286.23	0.329255
430.0000	1.96279	0.000441411	285.578	0.323542
429.0000	1.7942	0.000459436	284.947	0.318555
428.0000	1.70661	0.00047454	284.322	0.313621
427.0000	1.63909	0.000487962	283.713	0.308958
426.0000	1.97749	0.000501983	283.133	0.304549
425.0000	2.06984	0.00051967	282.554	0.300603
424.0000	1.91797	0.000520803	281.843	0.296205
423.0000	1.85161	0.000508824	281.02	0.29288
422.0000	2.04682	0.000533391	280.415	0.290503
421.0000	2.04118	0.000542572	280.006	0.288041
420.0000	2.05728	0.000556905	279.657	0.285518
419.0000	1.89541	0.000572587	279.337	0.283319
418.0000	2.02866	0.000568512	279.083	0.281297
417.0000	1.97413	0.000579146	279.01	0.279921
416.0000	2.01417	0.000584343	278.923	0.277497
415.0000	1.85896	0.000584854	278.629	0.275594
414.0000	1.82124	0.000574856	278.348	0.274233
413.0000	1.6676	0.000560918	278.07	0.273373
412.0000	1.68056	0.000560155	277.822	0.27265
411.0000	1.26937	0.000544932	277.694	0.272053
410.0000	1.20355	0.000545704	277.648	0.27156
409.0000	1.2717	0.000541756	277.662	0.271269
408.0000	1.11703	0.00053123	277.647	0.27101
407.0000	1.16196	0.000525997	277.634	0.270931
406.0000	1.18469	0.000531666	277.639	0.270806
405.0000	1.1909	0.000524644	277.627	0.271412
404.0000	1.25489	0.000535579	277.495	0.272093
403.0000	1.30596	0.000537173	277.287	0.272455
402.0000	1.26746	0.000533996	276.991	0.273015
401.0000	1.17825	0.000538769	276.651	0.273996
400.0000	1.0741	0.000545005	276.278	0.275406
399.0000	1.24061	0.000524467	276.028	0.27717
398.0000	1.05577	0.000518581	275.941	0.279016
397.0000	0.890112	0.00052266	276.007	0.28132
396.0000	1.05975	0.000519925	276.215	0.283118
395.0000	0.974795	0.000504831	276.576	0.284567
394.0000	0.975153	0.000495488	277.005	0.286323
393.0000	1.09001	0.00049077	277.476	0.28779
392.0000	0.898074	0.000487217	277.917	0.289198
391.0000	0.861168	0.000482918	278.303	0.290811
390.0000	0.769957	0.000459888	278.649	0.292578
389.0000	0.787336	0.000461158	278.964	0.294881
388.0000	0.834598	0.000452146	279.259	0.297121
387.0000	0.850747	0.000440448	279.535	0.299878
386.0000	0.754252	0.000421272	279.72	0.302823
385.0000	0.812951	0.000409174	279.877	0.305992
384.0000	0.936454	0.0003949	280.016	0.309316
383.0000	1.03099	0.000394692	280.154	0.312818
382.0000	0.995978	0.000387148	280.328	0.316605
381.0000	0.95926	0.000374871	280.517	0.319904
380.0000	1.06891	0.000373681	280.718	0.323083
379.0000	1.09532	0.000375679	280.957	0.326086
378.0000	1.06493	0.000357556	281.17	0.328772
377.0000	1.08798	0.000354774	281.4	0.33147
376.0000	1.01527	0.000344333	281.576	0.333766
375.0000	0.991431	0.000328084	281.727	0.336029
374.0000	0.998382	0.000312413	281.864	0.338792
373.0000	0.898533	0.000302332	281.988	0.341276
372.0000	0.896926	0.000292009	282.128	0.343719
371.0000	0.502156	0.000272592	282.277	0.345754
370.0000	0.744351	0.000254657	282.427	0.347778
369.0000	0.758268	0.000227628	282.605	0.349806
368.0000	0.622425	0.000220367	282.831	0.352256
367.0000	0.902077	0.000219415	283.095	0.354725
366.0000	0.973817	0.000211101	283.383	0.357407
365.0000	0.979198	0.000208155	283.673	0.36006
364.0000	1.04346	0.000204553	283.946	0.362547
363.0000	0.796578	0.000205926	284.242	0.365239
362.0000	0.70424	0.000203131	284.547	0.368012
361.0000	0.684708	0.000194975	284.854	0.370778
360.0000	0.476125	0.000195028	285.136	0.373068
359.0000	0.560734	0.000173865	285.401	0.37548
358.0000	0.468914	0.000160802	285.671	0.377881
357.0000	0.360129	0.000158777	285.938	0.380312
356.0000	0.56791	0.000163102	286.217	0.382635
355.0000	0.414163	0.000153073	286.48	0.38477
354.0000	0.327698	0.00013785	286.74	0.386704
353.0000	0.354096	0.000116442	287.019	0.389034
352.0000	0.40346	0.000130843	287.33	0.39178
351.0000	0.437048	0.000119287	287.647	0.395104
350.0000	0.537354	0.000114799	287.929	0.397913
349.0000	0.379377	8.2459E-005	288.237	0.401378
348.0000	0.491512	7.12676E-005	288.563	0.404554
347.0000	0.523398	8.99177E-005	288.863	0.407636
346.0000	0.274578	6.8806E-005	289.178	0.410979
345.0000	0.152517	4.55243E-005	289.472	0.413796
344.0000	0.228885	4.49824E-005	289.783	0.416629
343.0000	0.162426	5.32051E-005	290.104	0.41981
342.0000	0.00247787	4.84967E-005	290.378	0.422587
341.0000	-0.269586	2.50674E-005	290.675	0.425697
340.0000	-0.19508	6.31651E-006	290.972	0.428791
339.0000	-0.207065	4.7537E-006	291.29	0.431947
338.0000	-0.186479	-6.85488E-006	291.608	0.434878
337.0000	-0.367213	-3.83966E-005	291.938	0.437953
336.0000	-0.345018	-5.54148E-005	292.302	0.441312
335.0000	-0.209576	-7.34952E-005	292.676	0.44459
334.0000	-0.305036	-7.70351E-005	293.043	0.448203
333.0000	-0.629017	-9.11852E-005	293.451	0.45216
332.0000	-0.700239	-0.000106915	293.864	0.456062
331.0000	-0.853849	-0.000121583	294.259	0.460128
330.0000	-1.05836	-0.000151668	294.712	0.464779
329.0000	-1.02548	-0.000155304	295.146	0.469257
328.0000	-1.33831	-0.00018325	295.583	0.473717
327.0000	-1.13418	-0.000204871	295.986	0.477982
326.0000	-1.25944	-0.00023652	296.369	0.482325
325.0000	-1.53687	-0.000261407	296.797	0.487134
324.0000	-1.59657	-0.000283945	297.263	0.491971
323.0000	-1.70465	-0.000282541	297.752	0.496919
322.0000	-2.08182	-0.000321982	298.249	0.501883
321.0000	-2.36967	-0.000348468	298.764	0.506931
320.0000	-2.77224	-0.000368392	299.362	0.512456
319.0000	-3.05477	-0.000376927	299.937	0.517386
318.0000	-3.41177	-0.00039824	300.454	0.522329
317.0000	-3.77419	-0.000421217	300.98	0.527401
316.0000	-4.19571	-0.000433673	301.451	0.532401
315.0000	-4.62421	-0.000433767	301.949	0.537669
314.0000	-4.97718	-0.00045327	302.492	0.543187
313.0000	-5.46726	-0.000456247	303.053	0.548362
312.0000	-5.80345	-0.000451706	303.709	0.554039
311.0000	-6.19067	-0.000472797	304.346	0.559635
310.0000	-6.63403	-0.00048191	305.063	0.565775
309.0000	-6.84961	-0.00048979	305.809	0.572193
308.0000	-6.92451	-0.000490481	306.609	0.579275
307.0000	-7.29724	-0.000504449	307.397	0.586727
306.0000	-7.78197	-0.000531221	308.282	0.595289
305.0000	-8.26054	-0.00054642	309.222	0.604517
304.0000	-8.83175	-0.000574781	310.268	0.614781
303.0000	-9.03646	-0.000593945	311.456	0.625963
302.0000	-9.72885	-0.000620781	312.679	0.637513
301.0000	-10.575	-0.000634037	314.012	0.650047
300.0000	-10.8746	-0.00060453	315.375	0.662748
299.0000	-11.2312	-0.000596474	316.784	0.676086
298.0000	-11.4518	-0.000570651	318.188	0.689506
297.0000	-11.6768	-0.000533926	319.564	0.702554
296.0000	-12.0011	-0.000497373	320.852	0.714771
295.0000	-12.0562	-0.000454219	321.978	0.725805
294.0000	-11.9493	-0.000441086	322.936	0.736156
293.0000	-11.462	-0.00042669	323.99	0.746212
292.0000	-11.1104	-0.000395831	324.954	0.754577
291.0000	-10.9305	-0.000393007	325.925	0.76312
290.0000	-10.5148	-0.000329852	326.873	0.771357
289.0000	-10.0009	-0.000293402	327.867	0.779622
288.0000	-9.49808	-0.000234168	328.92	0.788153
287.0000	-9.25341	-0.000199377	330.073	0.796972
286.0000	-9.05561	-0.00017642	331.049	0.805464
285.0000	-8.74296	-0.000148608	332.093	0.814358
284.0000	-7.91413	-0.000104749	333.179	0.823836
283.0000	-7.44722	-4.88258E-005	334.236	0.833244
282.0000	-6.75791	-3.43989E-005	335.356	0.843427
281.0000	-6.34025	-4.52504E-007	336.589	0.854128
280.0000	-5.84177	3.68712E-005	337.838	0.865127
279.0000	-4.92023	8.66576E-005	339.236	0.877269
278.0000	-4.06679	0.000139438	340.711	0.890332
277.0000	-3.338	0.000197513	342.406	0.905118
276.0000	-2.48527	0.000243243	344.141	0.920006
275.0000	-1.44333	0.000276578	345.944	0.935462
274.0000	-0.185046	0.000327371	347.963	0.952848
273.0000	1.31222	0.000417947	350.244	0.972214
272.0000	2.48375	0.000463388	352.602	0.992095
271.0000	3.94558	0.000497484	355.273	1.01451
270.0000	5.63806	0.000512198	358.091	1.03792
269.0000	7.61071	0.000561603	361.123	1.06277
268.0000	8.97729	0.000589035	364.335	1.08877
267.0000	11.0551	0.000623197	367.878	1.11721
266.0000	13.2653	0.000632976	371.675	1.14767
265.0000	15.4739	0.000690588	375.54	1.17792
264.0000	17.6755	0.000754806	379.583	1.20936
263.0000	20.1431	0.000815094	383.487	1.23879
262.0000	22.3867	0.000861374	387.249	1.2664
261.0000	24.191	0.000893525	390.915	1.29257
260.0000	25.5998	0.000908218	394.203	1.31529
259.0000	26.6355	0.000887367	397.46	1.33758
258.0000	27.2842	0.000899489	400.626	1.35877
257.0000	26.6568	0.000856307	403.809	1.37981
256.0000	25.6892	0.000823716	407.008	1.4011
255.0000	24.5944	0.0007936	410.258	1.42305
254.0000	23.3185	0.00072742	413.609	1.4458
253.0000	22.0561	0.000713091	416.857	1.46777
252.0000	20.6781	0.000669878	420.08	1.48917
251.0000	18.8617	0.000577053	423.724	1.51266
250.0000	17.2196	0.000529759	426.384	1.52939
249.0000	16.1393	0.000474829	428.784	1.5441
248.0000	14.7144	0.000410952	430.999	1.55738
247.0000	13.0581	0.000340242	433.114	1.5698
246.0000	11.5977	0.000322914	435.211	1.58192
245.0000	9.65336	0.000238147	437.534	1.59586
244.0000	8.37904	0.00021758	440.022	1.61113
243.0000	6.63303	0.000110451	442.928	1.62913
242.0000	4.82674	6.49478E-005	446.178	1.64909
241.0000	3.75573	2.47958E-005	449.886	1.67191
240.0000	2.19972	-1.33325E-005	454.165	1.69831
239.0000	-0.0097934	-8.11811E-005	459.279	1.7297
238.0000	-1.45377	-0.000126381	465.025	1.76473
237.0000	-2.12704	-6.92163E-005	471.709	1.80574
236.0000	-2.37585	-8.13252E-005	478.828	1.84907
235.0000	-2.92755	-8.36775E-005	486.64	1.8963
234.0000	-3.69897	-9.16051E-005	494.177	1.94139
233.0000	-3.67743	-8.60592E-005	501.873	1.98748
232.0000	-1.92227	-2.14731E-005	511.368	2.04381
231.0000	-0.720003	1.16469E-005	521.42	2.10229
230.0000	0.652031	1.48051E-005	531.737	2.16116
229.0000	2.72349	0.000101353	542.451	2.22172
228.0000	5.08278	0.000137834	553.789	2.28457
227.0000	7.93705	0.000274377	565.032	2.34558
226.0000	10.1971	0.000323843	576.613	2.40644
225.0000	12.5009	0.000416027	587.877	2.46414
224.0000	14.8937	0.000501054	598.436	2.51704
223.0000	17.5339	0.000582988	607.964	2.56302
222.0000	20.0025	0.000636207	616.494	2.60192
221.0000	22.8699	0.000695231	623.621	2.63182
220.0000	25.831	0.000734395	628.127	2.64739
219.0000	28.5185	0.000722679	630.325	2.65052
218.0000	30.828	0.000782536	630.372	2.64228
217.0000	33.5595	0.000800568	628.586	2.62382
216.0000	34.5701	0.000793129	625.146	2.59665
215.0000	35.1337	0.000778398	619.932	2.55882
214.0000	34.8222	0.000806401	613.997	2.51756
213.0000	32.8231	0.000767649	607.744	2.47464
212.0000	29.7719	0.00076697	601.563	2.43209
211.0000	25.5612	0.000750459	595.43	2.38961
210.0000	20.6637	0.000691859	589.448	2.34768
209.0000	15.7027	0.000666534	583.876	2.30806
208.0000	10.3537	0.000635904	578.844	2.27194
207.0000	5.59277	0.000583238	573.924	2.23645
206.0000	1.46793	0.000539532	569.271	2.20251
205.0000	-2.85544	0.000480083	564.752	2.16897
204.0000	-4.86514	0.000411424	560.632	2.13805
203.0000	-6.72263	0.000438069	556.915	2.10919
202.0000	-8.2988	0.000398523	553.482	2.08161
201.0000	-9.43248	0.000403706	550.824	2.05847
200.0000	-9.91492	0.000433481	549.07	2.0405

##### Extended Information
[Comments]
Sample name	JS187_5E-5_H2O_asprep
Comment
User
Division
Company	Labo systeme complexes hors equilibre

[Detailed Information]
Creation date	6/12/2023 2:57 PM

Data array type	Linear data array * 4
Horizontal axis	Wavelength [nm]
Vertical axis(1)	CD [mdeg]
Vertical axis(2)	LD [dOD]
Vertical axis(3)	HT [V]
Vertical axis(4)	Abs
Start	700 nm
End	200 nm
Data interval	1 nm
Data points	501     

[Measurement Information]
Instrument name	CD Jasco
Model name	J-1500
Serial No.	A005261638

Detector	PM-539
Detector S/N	A0052PM539
  Lock-in amp.	X mode
  HT volt	Auto

Measurement date	6/12/2023 2:57 PM

Photometric mode	CD, LD, HT, Abs
Measure range	700 - 200 nm
Data pitch	1 nm
CD scale	20 mdeg/0.05 dOD
FL scale	200 mdeg/1.0 dOD
D.I.T.	2 sec
Bandwidth	1.00 nm
Start mode	Immediately
Scanning speed	200 nm/min
Baseline correction	Baseline
Shutter control	Auto


