TITLE	JS187_5E-5_H2O_100eqdt+10mins
DATA TYPE	
ORIGIN	JASCO
OWNER	
DATE	23/06/12
TIME	15:39:48
SPECTROMETER/DATA SYSTEM	
LOCALE	1033
RESOLUTION	
DELTAX	-1
XUNITS	NANOMETERS
YUNITS	CD [mdeg]
Y2UNITS	LD [dOD]
Y3UNITS	HT [V]
Y4UNITS	ABSORBANCE
FIRSTX	  700.0000
LASTX	  200.0000
NPOINTS	     501
FIRSTY	    -1.26513
MAXY	     8.55246
MINY	   -12.29167
XYDATA
700.0000	-1.26513	-2.89035E-005	302.861	-0.0274266
699.0000	-1.41863	-2.71715E-005	302.46	-0.0269188
698.0000	-1.12644	-2.6411E-005	301.876	-0.0267214
697.0000	-1.05505	-3.41422E-005	301.131	-0.0265076
696.0000	-1.16552	-3.74534E-005	300.188	-0.027462
695.0000	-1.03872	-2.15103E-005	299.04	-0.0297295
694.0000	-0.89285	-3.34724E-005	297.891	-0.0304519
693.0000	-0.739445	-3.51793E-005	296.812	-0.0267296
692.0000	-0.903832	-2.09324E-005	295.959	-0.0203783
691.0000	-0.865027	3.48701E-006	295.342	-0.0118453
690.0000	-0.831384	1.25433E-005	294.967	-0.00356646
689.0000	-0.541719	4.01563E-005	294.756	0.00282583
688.0000	-0.445244	3.84638E-005	294.648	0.00682213
687.0000	-0.581215	5.65406E-005	294.697	0.0102839
686.0000	-0.438019	8.11466E-005	294.979	0.014107
685.0000	-0.367004	9.64828E-005	295.465	0.0174024
684.0000	-0.433604	9.05574E-005	296.027	0.0182951
683.0000	-0.447051	0.000106686	296.602	0.0179417
682.0000	-0.478417	9.22219E-005	297.314	0.0184864
681.0000	-0.487604	8.92903E-005	298.135	0.0196146
680.0000	-0.769621	8.16582E-005	298.796	0.0175502
679.0000	-0.736518	9.73825E-005	299.109	0.0116917
678.0000	-0.907601	6.94122E-005	299.12	0.00751681
677.0000	-0.817754	7.22317E-005	299.05	0.00624205
676.0000	-0.891441	5.03873E-005	298.994	0.00685283
675.0000	-0.948531	5.06942E-005	298.976	0.00839279
674.0000	-0.637918	6.51461E-005	299.014	0.0110523
673.0000	-0.461976	6.07001E-005	299.082	0.0134991
672.0000	-0.70365	5.84345E-005	299.179	0.015472
671.0000	-0.439377	5.07107E-005	299.287	0.01665
670.0000	-0.217839	4.61351E-005	299.395	0.0184129
669.0000	-0.222682	6.54875E-005	299.542	0.0202309
668.0000	-0.0193474	5.95593E-005	299.713	0.0217303
667.0000	0.276911	7.78871E-005	299.955	0.0229017
666.0000	0.173937	8.81125E-005	300.253	0.0246698
665.0000	0.344452	7.44243E-005	300.577	0.0266105
664.0000	0.139953	9.01171E-005	300.911	0.0277301
663.0000	0.214624	0.000105369	301.229	0.0282658
662.0000	0.0812022	0.000117241	301.492	0.029462
661.0000	-0.0625853	0.000134941	301.701	0.0309193
660.0000	-0.15655	0.000162412	301.862	0.0327886
659.0000	-0.244822	0.000170639	301.988	0.033262
658.0000	-0.0801688	0.000178123	302.069	0.0341471
657.0000	-0.0598599	0.00019775	302.078	0.0347182
656.0000	0.0337124	0.00019416	302.027	0.0364104
655.0000	-0.213657	0.000166742	301.874	0.0374352
654.0000	-0.314843	0.000144929	301.626	0.038133
653.0000	-0.293668	0.000126732	301.328	0.0393849
652.0000	-0.295446	0.000157831	301.04	0.0442065
651.0000	-0.199533	0.000173343	300.876	0.049616
650.0000	-0.306724	0.000164578	300.926	0.0560529
649.0000	-0.170307	0.00018493	301.151	0.0617955
648.0000	0.0952663	0.000196631	301.558	0.0673969
647.0000	0.223204	0.00021303	302.154	0.072731
646.0000	0.157204	0.000215525	302.786	0.0770355
645.0000	0.233637	0.000203363	303.41	0.0795709
644.0000	0.551627	0.000220803	303.962	0.081171
643.0000	0.748429	0.000206491	304.408	0.0831944
642.0000	0.932138	0.000244035	304.754	0.0854037
641.0000	1.10842	0.000230802	305.038	0.0877004
640.0000	1.11077	0.000244177	305.28	0.0913963
639.0000	1.2793	0.000280464	305.479	0.0950043
638.0000	1.40502	0.000273306	305.665	0.099915
637.0000	1.59944	0.000291405	305.839	0.104994
636.0000	1.65801	0.000302327	306.023	0.110333
635.0000	1.89692	0.000318792	306.241	0.116451
634.0000	2.14394	0.000338919	306.465	0.122302
633.0000	2.33183	0.00033895	306.724	0.127885
632.0000	2.47627	0.000345759	307.056	0.133623
631.0000	2.69101	0.00037569	307.447	0.139662
630.0000	2.66078	0.000375865	307.844	0.145685
629.0000	2.95844	0.000413997	308.239	0.15109
628.0000	3.24382	0.000436393	308.579	0.156351
627.0000	3.54539	0.000448417	308.913	0.161936
626.0000	3.85851	0.000445044	309.196	0.167406
625.0000	4.02419	0.000451555	309.491	0.173817
624.0000	4.21584	0.000429183	309.804	0.180226
623.0000	4.63326	0.000450571	310.153	0.187403
622.0000	4.52614	0.000427752	310.553	0.193881
621.0000	4.40857	0.000434895	310.984	0.200107
620.0000	4.3596	0.000442242	311.474	0.205765
619.0000	4.49839	0.000479877	312.024	0.211734
618.0000	4.5349	0.00048618	312.673	0.218072
617.0000	4.78563	0.000503089	313.348	0.222631
616.0000	4.43083	0.000508867	313.997	0.227516
615.0000	4.92792	0.000513657	314.554	0.231038
614.0000	4.97404	0.000493919	315.1	0.234823
613.0000	4.94307	0.000483532	315.62	0.238331
612.0000	5.25643	0.000503884	316.11	0.241739
611.0000	5.23254	0.000499303	316.605	0.245539
610.0000	5.07438	0.000493588	317.029	0.248915
609.0000	4.98701	0.000500933	317.416	0.251781
608.0000	4.82454	0.000523074	317.738	0.254506
607.0000	4.72047	0.000546065	318.007	0.256778
606.0000	4.46837	0.000560691	318.259	0.259557
605.0000	4.22336	0.000549289	318.473	0.261518
604.0000	4.0809	0.000561282	318.658	0.264011
603.0000	3.68902	0.000524805	318.823	0.266308
602.0000	3.81222	0.000517925	318.932	0.268909
601.0000	3.7896	0.000528374	319.01	0.270941
600.0000	3.45532	0.00053235	319.09	0.273253
599.0000	3.23495	0.000519206	319.082	0.275939
598.0000	2.97288	0.000511459	319.022	0.278598
597.0000	2.90787	0.0005273	318.922	0.280829
596.0000	2.76108	0.000551215	318.798	0.283717
595.0000	2.3054	0.00054285	318.654	0.286278
594.0000	2.24486	0.000525653	318.462	0.289422
593.0000	1.95529	0.000518542	318.28	0.292396
592.0000	1.74769	0.000524334	318.138	0.296281
591.0000	1.32912	0.000516389	318.09	0.299991
590.0000	1.34144	0.000499678	318.028	0.303927
589.0000	1.03213	0.000505479	318.034	0.307432
588.0000	0.982538	0.000525677	318.079	0.3127
587.0000	1.03197	0.000527232	318.199	0.316915
586.0000	1.37097	0.000543421	318.422	0.322143
585.0000	1.5491	0.0005596	318.657	0.327422
584.0000	1.77648	0.000545704	318.918	0.331751
583.0000	1.56107	0.000572576	319.26	0.336934
582.0000	1.42556	0.000558768	319.653	0.343271
581.0000	1.53034	0.000556218	320.123	0.349632
580.0000	1.32508	0.000546541	320.631	0.357202
579.0000	1.10108	0.000545088	321.137	0.36401
578.0000	0.778229	0.000554052	321.692	0.371693
577.0000	0.996392	0.000574166	322.327	0.38094
576.0000	1.2676	0.000588339	323.004	0.390259
575.0000	1.23782	0.0005902	323.767	0.399916
574.0000	1.79387	0.000624042	324.552	0.409474
573.0000	1.92525	0.000643031	325.364	0.420125
572.0000	1.99496	0.000638016	326.225	0.43115
571.0000	1.98206	0.000658905	327.209	0.443528
570.0000	1.96927	0.000656647	328.216	0.456844
569.0000	1.98863	0.000669736	329.314	0.469675
568.0000	2.16072	0.000691642	330.479	0.483129
567.0000	1.85078	0.000686345	331.615	0.496293
566.0000	1.71917	0.000686556	332.764	0.508702
565.0000	2.23337	0.000697091	333.874	0.521841
564.0000	2.47953	0.000695297	334.927	0.534336
563.0000	2.51197	0.000680574	335.907	0.545827
562.0000	2.67195	0.000687569	336.781	0.556887
561.0000	2.17527	0.000699702	337.62	0.568208
560.0000	2.05767	0.000711762	338.455	0.579432
559.0000	2.246	0.00072524	339.215	0.589613
558.0000	1.81464	0.000723897	339.836	0.598356
557.0000	1.48211	0.00075073	340.309	0.605868
556.0000	1.201	0.000774903	340.72	0.612735
555.0000	1.3397	0.000800431	341.034	0.617979
554.0000	1.46304	0.000775129	341.222	0.622799
553.0000	1.18096	0.000793258	341.294	0.6262
552.0000	0.993201	0.000799736	341.249	0.627956
551.0000	1.12776	0.000811909	341.137	0.62893
550.0000	1.14261	0.000803016	340.962	0.62952
549.0000	1.22449	0.000791609	340.668	0.629327
548.0000	1.14486	0.000781703	340.338	0.62894
547.0000	1.42686	0.000777688	339.965	0.62818
546.0000	1.59603	0.000774064	339.549	0.627596
545.0000	1.92542	0.000780392	339.128	0.627457
544.0000	1.81345	0.000771063	338.762	0.626289
543.0000	2.28976	0.000763797	338.389	0.62531
542.0000	2.4236	0.000784948	338.087	0.624703
541.0000	2.59545	0.000793712	337.779	0.623894
540.0000	2.6207	0.000800125	337.518	0.623678
539.0000	2.56202	0.000802826	337.291	0.623225
538.0000	2.4909	0.000797295	337.117	0.623564
537.0000	2.22063	0.000793734	336.971	0.625156
536.0000	2.06116	0.00080626	336.874	0.627241
535.0000	1.91393	0.000817014	336.872	0.629868
534.0000	1.62208	0.000814074	336.926	0.633425
533.0000	1.76793	0.000823359	337.093	0.637594
532.0000	1.9872	0.000822313	337.317	0.642441
531.0000	1.94326	0.000844877	337.61	0.648565
530.0000	2.0307	0.0008254	338.008	0.654904
529.0000	1.94537	0.0008071	338.46	0.662233
528.0000	2.10374	0.000816475	338.884	0.669365
527.0000	2.06974	0.000806384	339.404	0.677234
526.0000	1.6113	0.000808306	339.965	0.685674
525.0000	1.23108	0.000814192	340.588	0.694633
524.0000	1.06017	0.00082587	341.256	0.703815
523.0000	0.741286	0.000853444	341.9	0.713477
522.0000	0.233928	0.000847782	342.582	0.723512
521.0000	-0.446289	0.000834431	343.307	0.733445
520.0000	-0.419426	0.000833768	344.024	0.742892
519.0000	-0.368496	0.000831389	344.743	0.752641
518.0000	-0.452693	0.000843758	345.487	0.762366
517.0000	-0.735041	0.000820027	346.218	0.772295
516.0000	-1.00975	0.000834845	347.003	0.782853
515.0000	-1.07548	0.00085222	347.835	0.792941
514.0000	-0.908674	0.000855952	348.614	0.802699
513.0000	-0.942444	0.000856536	349.391	0.81242
512.0000	-0.627935	0.00088586	350.247	0.822327
511.0000	-0.677252	0.000868189	351.089	0.831729
510.0000	-0.644635	0.000879059	351.844	0.840464
509.0000	-0.482194	0.00087924	352.506	0.848288
508.0000	-0.111195	0.000891206	353.072	0.855608
507.0000	-0.362862	0.000889867	353.521	0.862997
506.0000	-0.327482	0.000888225	353.857	0.869547
505.0000	-0.0819617	0.000905845	354.095	0.874636
504.0000	0.414307	0.000926056	354.267	0.878791
503.0000	0.624842	0.000936375	354.305	0.880945
502.0000	0.842035	0.000943155	354.168	0.882012
501.0000	0.995333	0.0009667	353.91	0.881412
500.0000	1.07936	0.000955699	353.5	0.879428
499.0000	1.32437	0.000956391	352.788	0.875654
498.0000	1.11372	0.000971403	351.666	0.870164
497.0000	0.802046	0.000943765	349.986	0.862456
496.0000	0.0624139	0.000911567	347.847	0.855291
495.0000	-0.32961	0.000892444	345.73	0.851837
494.0000	-0.921564	0.000864407	344.454	0.850297
493.0000	-1.28733	0.000865679	343.56	0.845722
492.0000	-1.8971	0.000831022	342.847	0.840745
491.0000	-2.28574	0.000799931	342.431	0.837657
490.0000	-2.97155	0.000794406	342.52	0.835248
489.0000	-3.43743	0.000778211	342.764	0.830421
488.0000	-3.887	0.000770091	342.198	0.820755
487.0000	-4.28636	0.000766664	340.711	0.813088
486.0000	-4.75164	0.000746539	339.044	0.808787
485.0000	-5.10476	0.000742735	337.284	0.804133
484.0000	-5.57652	0.000713635	335.675	0.802808
483.0000	-5.87947	0.000709274	334.81	0.803175
482.0000	-6.19952	0.000732521	334.554	0.802474
481.0000	-6.54448	0.000701674	334.632	0.801598
480.0000	-6.81209	0.000697041	334.986	0.799773
479.0000	-6.95954	0.000686823	335.277	0.796821
478.0000	-7.02403	0.000689557	335.32	0.792417
477.0000	-7.48216	0.000674634	333.958	0.780464
476.0000	-7.39475	0.00066594	331.898	0.777198
475.0000	-7.72073	0.000640963	330.283	0.773149
474.0000	-7.90055	0.000637662	328.093	0.765365
473.0000	-8.18354	0.000604551	325.412	0.757893
472.0000	-8.74221	0.000593409	322.044	0.749126
471.0000	-8.92275	0.000599537	319.215	0.749894
470.0000	-9.08478	0.000606986	318.901	0.752853
469.0000	-9.244	0.000611492	318.208	0.743541
468.0000	-9.17013	0.000603774	317.299	0.737554
467.0000	-9.40894	0.000609065	316.458	0.730801
466.0000	-9.26128	0.000623355	316.22	0.727274
465.0000	-9.04913	0.0006287	317.155	0.725164
464.0000	-8.73642	0.000625206	318.182	0.711712
463.0000	-8.7121	0.000619809	317.845	0.696784
462.0000	-8.64331	0.000616886	316.953	0.68584
461.0000	-8.30485	0.000604576	316.423	0.678175
460.0000	-7.66641	0.000607581	316.525	0.66966
459.0000	-7.42783	0.00061336	316.474	0.657509
458.0000	-7.25213	0.000600533	315.947	0.645007
457.0000	-6.65968	0.000598639	315.121	0.634156
456.0000	-6.00212	0.000619855	313.815	0.621906
455.0000	-5.63477	0.000621145	312.888	0.614025
454.0000	-5.24481	0.000623776	311.202	0.598128
453.0000	-5.00658	0.000604679	309.385	0.590738
452.0000	-4.70324	0.000601815	308.511	0.5827
451.0000	-4.39808	0.000620734	307.742	0.573996
450.0000	-4.0733	0.000634867	307.172	0.566007
449.0000	-3.67348	0.00062279	307.067	0.557395
448.0000	-3.3198	0.000651047	306.747	0.549249
447.0000	-3.15819	0.000665302	307.295	0.544366
446.0000	-2.74076	0.000678277	306.911	0.530992
445.0000	-2.36769	0.000678123	305.982	0.52273
444.0000	-2.04099	0.000650736	304.99	0.514959
443.0000	-1.65901	0.000664832	303.903	0.507348
442.0000	-1.36158	0.000678335	302.828	0.500549
441.0000	-1.22937	0.00066846	301.928	0.495007
440.0000	-0.766685	0.000668135	301.147	0.489419
439.0000	-0.713814	0.000668483	300.488	0.483669
438.0000	-0.561148	0.000697835	299.742	0.47665
437.0000	-0.0372004	0.00070986	298.969	0.469059
436.0000	0.190458	0.0007062	298.395	0.461733
435.0000	0.506243	0.00068705	297.939	0.454666
434.0000	0.883282	0.000702491	297.322	0.446861
433.0000	1.10547	0.000711665	296.618	0.439736
432.0000	1.42642	0.000722102	295.909	0.43285
431.0000	1.51406	0.00071522	295.125	0.425858
430.0000	1.58048	0.000716984	294.35	0.419009
429.0000	1.60475	0.000706616	293.57	0.41259
428.0000	1.80455	0.000712699	292.794	0.406191
427.0000	1.72278	0.000714106	292.014	0.399842
426.0000	2.04212	0.000710682	291.284	0.393961
425.0000	1.93696	0.000702451	290.51	0.388045
424.0000	2.09399	0.000691212	289.617	0.381851
423.0000	2.11045	0.000689986	288.597	0.376576
422.0000	2.11857	0.00069959	287.838	0.372659
421.0000	2.36904	0.000698517	287.273	0.368587
420.0000	2.57228	0.000704448	286.76	0.364336
419.0000	2.67689	0.000703783	286.274	0.360397
418.0000	2.91878	0.000712063	285.895	0.357065
417.0000	2.83354	0.0007129	285.719	0.354559
416.0000	2.98776	0.000700916	285.511	0.350822
415.0000	3.17552	0.000701985	285.081	0.347481
414.0000	3.00027	0.000683304	284.722	0.345316
413.0000	2.88224	0.000679492	284.343	0.343403
412.0000	2.67661	0.000676771	284.043	0.342155
411.0000	2.45691	0.000656819	283.859	0.340962
410.0000	2.40454	0.000661145	283.771	0.340006
409.0000	2.39093	0.000645547	283.742	0.339248
408.0000	2.23885	0.000631451	283.691	0.338599
407.0000	2.26908	0.000633412	283.617	0.337838
406.0000	2.11077	0.000617939	283.583	0.337278
405.0000	2.15512	0.000622301	283.492	0.337006
404.0000	1.96314	0.000629282	283.279	0.336814
403.0000	1.79261	0.000634352	283.008	0.336527
402.0000	1.42972	0.000643577	282.643	0.336363
401.0000	1.1772	0.000645192	282.224	0.336547
400.0000	1.00443	0.000650976	281.795	0.337395
399.0000	0.820577	0.000631548	281.492	0.338605
398.0000	0.725318	0.000622148	281.384	0.340238
397.0000	0.51181	0.000614942	281.411	0.342093
396.0000	0.562386	0.000601509	281.591	0.343552
395.0000	0.553979	0.00059018	281.923	0.344613
394.0000	0.665467	0.000587638	282.315	0.34588
393.0000	0.551837	0.000580235	282.751	0.346872
392.0000	0.673898	0.000579349	283.154	0.347775
391.0000	0.574917	0.00056036	283.503	0.348918
390.0000	0.51008	0.000563994	283.818	0.350281
389.0000	0.503624	0.000576116	284.116	0.352334
388.0000	0.329875	0.000565511	284.395	0.354355
387.0000	0.204697	0.00055604	284.659	0.356928
386.0000	-0.0184758	0.000562885	284.825	0.359631
385.0000	-0.178107	0.000556447	284.959	0.362522
384.0000	-0.248929	0.000554793	285.102	0.365868
383.0000	-0.500579	0.000550781	285.261	0.369568
382.0000	-0.822506	0.000543148	285.448	0.373482
381.0000	-0.911435	0.000535952	285.649	0.376879
380.0000	-1.07292	0.000534734	285.864	0.380177
379.0000	-1.23336	0.000526636	286.131	0.383447
378.0000	-1.23352	0.000500515	286.368	0.386364
377.0000	-1.41917	0.000505864	286.585	0.388875
376.0000	-1.26721	0.000510436	286.766	0.391197
375.0000	-1.01917	0.000497832	286.91	0.393352
374.0000	-1.32192	0.000491997	287.007	0.395661
373.0000	-1.23457	0.000487698	287.106	0.397845
372.0000	-1.01706	0.000482496	287.212	0.399898
371.0000	-1.04564	0.000476961	287.324	0.401507
370.0000	-0.578894	0.000463096	287.443	0.403173
369.0000	-0.402822	0.000445969	287.598	0.404906
368.0000	-0.0360942	0.000448951	287.795	0.407006
367.0000	0.528951	0.000441488	288.061	0.409456
366.0000	0.932439	0.000450865	288.32	0.411782
365.0000	1.6445	0.000467094	288.62	0.414493
364.0000	1.97379	0.000487275	288.925	0.417284
363.0000	2.38948	0.000504931	289.224	0.419962
362.0000	3.02423	0.000520732	289.544	0.42285
361.0000	3.42578	0.000521168	289.868	0.425751
360.0000	3.82374	0.00053868	290.18	0.428323
359.0000	4.23829	0.000537946	290.464	0.430903
358.0000	4.84676	0.000551672	290.734	0.433255
357.0000	5.25568	0.000548151	291.03	0.435961
356.0000	5.39745	0.000533102	291.313	0.438279
355.0000	5.62046	0.000534757	291.586	0.440483
354.0000	5.84557	0.000538369	291.851	0.44243
353.0000	6.14456	0.000525957	292.147	0.444903
352.0000	6.5145	0.000541041	292.478	0.447813
351.0000	6.50363	0.000527948	292.809	0.451226
350.0000	6.68187	0.000525986	293.105	0.454153
349.0000	7.0885	0.000536792	293.434	0.457795
348.0000	7.31371	0.000540442	293.799	0.461341
347.0000	7.74622	0.000560859	294.13	0.464701
346.0000	7.77365	0.000557477	294.48	0.468373
345.0000	7.96319	0.00054236	294.818	0.471599
344.0000	8.40168	0.000547448	295.179	0.47493
343.0000	8.47358	0.00056773	295.544	0.478527
342.0000	8.55246	0.000571192	295.925	0.482402
341.0000	8.43422	0.000583534	296.324	0.486561
340.0000	8.31228	0.000544725	296.729	0.490752
339.0000	8.2952	0.000562982	297.15	0.49494
338.0000	8.40308	0.000560507	297.591	0.499135
337.0000	8.10223	0.000532762	298.075	0.503782
336.0000	8.02606	0.000519141	298.596	0.508743
335.0000	8.02592	0.000495793	299.138	0.513732
334.0000	7.99799	0.000504771	299.654	0.51886
333.0000	7.95589	0.000494367	300.267	0.524895
332.0000	7.73992	0.000472091	300.906	0.531094
331.0000	7.37113	0.000484241	301.487	0.53704
330.0000	7.13841	0.000478063	302.109	0.543375
329.0000	6.87697	0.00047529	302.644	0.548811
328.0000	6.54226	0.000470717	303.162	0.554025
327.0000	6.60709	0.000467724	303.574	0.558305
326.0000	6.41462	0.00045752	303.898	0.561937
325.0000	6.39447	0.000463936	304.208	0.565415
324.0000	6.30992	0.000451355	304.53	0.568651
323.0000	6.42997	0.000454742	304.819	0.571412
322.0000	6.2153	0.000437114	305.096	0.573981
321.0000	5.97639	0.000424469	305.372	0.576434
320.0000	5.76787	0.000408858	305.697	0.579001
319.0000	5.48811	0.00039768	306.023	0.581234
318.0000	5.43655	0.000388414	306.295	0.583534
317.0000	5.1254	0.000371217	306.532	0.585524
316.0000	5.15788	0.000359903	306.758	0.587907
315.0000	5.05933	0.000368822	307.019	0.590644
314.0000	4.99159	0.000367561	307.332	0.593691
313.0000	5.08974	0.000375328	307.698	0.596774
312.0000	5.03337	0.000368918	308.147	0.600217
311.0000	4.70187	0.00036212	308.636	0.604214
310.0000	4.49805	0.000359042	309.247	0.609167
309.0000	4.19409	0.000351243	309.893	0.614468
308.0000	4.10088	0.00033987	310.631	0.620829
307.0000	3.96763	0.000353932	311.4	0.627998
306.0000	3.71144	0.000326121	312.279	0.636406
305.0000	3.45922	0.000323406	313.246	0.645791
304.0000	3.15323	0.000313892	314.298	0.656009
303.0000	3.26873	0.000298596	315.488	0.667074
302.0000	3.22643	0.000296598	316.758	0.678974
301.0000	3.00279	0.000293541	318.123	0.691683
300.0000	2.77171	0.000294868	319.551	0.704881
299.0000	2.64456	0.000312961	321.029	0.718758
298.0000	2.48208	0.000303196	322.513	0.732813
297.0000	2.35129	0.000301046	324.032	0.747133
296.0000	2.10161	0.00030894	325.477	0.760745
295.0000	1.80749	0.000299159	326.783	0.773426
294.0000	1.54808	0.000288521	327.992	0.786128
293.0000	1.16583	0.000285893	329.3	0.798524
292.0000	0.719769	0.000279037	330.542	0.809488
291.0000	0.488085	0.000302536	331.826	0.820929
290.0000	0.195384	0.000297744	333.084	0.832039
289.0000	-0.34758	0.000317224	334.41	0.84336
288.0000	-0.745255	0.000311617	335.787	0.854841
287.0000	-1.16322	0.000307298	337.288	0.866807
286.0000	-1.36933	0.000294963	338.649	0.878814
285.0000	-1.40791	0.000272139	340.091	0.891309
284.0000	-1.49516	0.0002726	341.618	0.904761
283.0000	-1.88191	0.000268824	343.148	0.918429
282.0000	-2.23559	0.000261033	344.764	0.933053
281.0000	-2.67707	0.000270852	346.556	0.948726
280.0000	-3.30272	0.000280951	348.387	0.964885
279.0000	-4.11881	0.000286538	350.432	0.982699
278.0000	-4.66226	0.000283389	352.605	1.00185
277.0000	-5.46968	0.000279181	355.063	1.02319
276.0000	-6.44959	0.000281884	357.571	1.04466
275.0000	-7.00463	0.000290698	360.188	1.06698
274.0000	-7.7695	0.000274308	363.131	1.09207
273.0000	-8.48998	0.000253306	366.41	1.11964
272.0000	-9.31185	0.000275471	369.795	1.14784
271.0000	-10.0933	0.000281512	373.65	1.17974
270.0000	-10.9807	0.000303251	377.75	1.21328
269.0000	-11.0439	0.000304429	382.211	1.24929
268.0000	-11.7511	0.000307026	386.988	1.28734
267.0000	-12.1451	0.000333519	392.304	1.32924
266.0000	-12.2917	0.000340368	398.175	1.37528
265.0000	-12.0392	0.000333872	404.298	1.42227
264.0000	-11.6983	0.000331044	410.938	1.47276
263.0000	-11.103	0.000325313	417.656	1.52266
262.0000	-10.1738	0.000355593	424.463	1.57219
261.0000	-9.7088	0.000350423	431.544	1.62278
260.0000	-8.51413	0.000351124	438.349	1.67046
259.0000	-7.70271	0.000354841	445.432	1.71957
258.0000	-6.57263	0.000362602	452.78	1.7698
257.0000	-5.55348	0.00042861	460.48	1.82176
256.0000	-4.88697	0.000470625	468.467	1.87529
255.0000	-4.14272	0.000478177	477.06	1.93276
254.0000	-3.46082	0.000502018	486.476	1.99525
253.0000	-3.40786	0.000536003	496.302	2.05973
252.0000	-3.65567	0.000575062	507.322	2.131
251.0000	-3.61389	0.000552151	521.452	2.22052
250.0000	-3.06688	0.000549851	533.83	2.2977
249.0000	-2.35917	0.000586753	546.699	2.37655
248.0000	-2.20389	0.000584746	560.525	2.45984
247.0000	-1.92273	0.000624812	575.49	2.54829
246.0000	-1.59575	0.000594385	591.658	2.64181
245.0000	-1.37582	0.000607934	610.185	2.74697
244.0000	-1.61112	0.000545696	630.298	2.85848
243.0000	-1.80506	0.000505259	652.597	2.97854
242.0000	-2.2386	0.000470461	675.957	3.10017
241.0000	-1.62155	0.000451118	700.086	3.22167
240.0000	-1.74489	0.000408158	725.285	3.34437
239.0000	-1.68159	0.00039872	751.7	3.4683
238.0000	-1.6127	0.000431466	777.179	3.5833
237.0000	-1.47153	0.000402166	802.047	3.69172
236.0000	-1.2652	0.000358797	823.611	3.78205
235.0000	-1.34782	0.000340315	842.44	3.85778
234.0000	-1.67437	0.000292386	856.675	3.91252
233.0000	-1.70267	0.000336765	867.924	3.95411
232.0000	-1.34502	0.00034785	877.848	3.98827
231.0000	-1.85642	0.0003209	884.909	4.00937
230.0000	-1.89231	0.00031619	889.541	4.01979
229.0000	-2.04858	0.000362203	892.529	4.02347
228.0000	-1.9575	0.000382441	894.56	4.02261
227.0000	-2.27476	0.000383813	895.898	4.01883
226.0000	-2.2904	0.000324385	896.749	4.01197
225.0000	-2.59595	0.000311536	897.639	4.00521
224.0000	-2.53433	0.000283596	898.155	3.99736
223.0000	-2.52835	0.000330452	898.685	3.9896
222.0000	-2.23347	0.000313273	899.19	3.98113
221.0000	-1.99529	0.000285892	899.628	3.97198
220.0000	-1.88716	0.000320403	900.132	3.964
219.0000	-1.16169	0.000303034	900.691	3.957
218.0000	-1.08143	0.000324859	901.124	3.95031
217.0000	-1.11231	0.000322022	901.558	3.94377
216.0000	-1.76321	0.000291656	901.912	3.93762
215.0000	-2.3555	0.000315696	902.416	3.93171
214.0000	-2.60812	0.000324436	902.795	3.92622
213.0000	-3.01588	0.000318444	903.115	3.92097
212.0000	-3.58063	0.00030583	903.404	3.91584
211.0000	-4.15751	0.00030634	903.836	3.91142
210.0000	-4.0694	0.000329861	904.314	3.90715
209.0000	-3.67672	0.000346577	904.866	3.90333
208.0000	-4.08391	0.000349098	905.361	3.89976
207.0000	-4.40363	0.000377724	905.868	3.89641
206.0000	-3.83715	0.000388794	906.346	3.89306
205.0000	-3.76276	0.00047685	906.769	3.88925
204.0000	-3.47052	0.00052084	907.162	3.88563
203.0000	-3.88869	0.000551437	907.44	3.88122
202.0000	-3.86554	0.00062633	907.72	3.87644
201.0000	-3.36113	0.000720716	908.035	3.87143
200.0000	-3.54224	0.000762735	908.379	3.86603

##### Extended Information
[Comments]
Sample name	JS187_5E-5_H2O_100eqdt+10mins
Comment
User
Division
Company	Labo systeme complexes hors equilibre

[Detailed Information]
Creation date	6/12/2023 3:39 PM

Data array type	Linear data array * 4
Horizontal axis	Wavelength [nm]
Vertical axis(1)	CD [mdeg]
Vertical axis(2)	LD [dOD]
Vertical axis(3)	HT [V]
Vertical axis(4)	Abs
Start	700 nm
End	200 nm
Data interval	1 nm
Data points	501     

[Measurement Information]
Instrument name	CD Jasco
Model name	J-1500
Serial No.	A005261638

Detector	PM-539
Detector S/N	A0052PM539
  Lock-in amp.	X mode
  HT volt	Auto

Measurement date	6/12/2023 3:39 PM

Photometric mode	CD, LD, HT, Abs
Measure range	700 - 200 nm
Data pitch	1 nm
CD scale	20 mdeg/0.05 dOD
FL scale	200 mdeg/1.0 dOD
D.I.T.	2 sec
Bandwidth	1.00 nm
Start mode	Immediately
Scanning speed	200 nm/min
Baseline correction	Baseline
Shutter control	Auto


