TITLE	JS187_5E-5_H2O_100eqdt
DATA TYPE	
ORIGIN	JASCO
OWNER	
DATE	23/06/12
TIME	15:28:53
SPECTROMETER/DATA SYSTEM	
LOCALE	1033
RESOLUTION	
DELTAX	-1
XUNITS	NANOMETERS
YUNITS	CD [mdeg]
Y2UNITS	LD [dOD]
Y3UNITS	HT [V]
Y4UNITS	ABSORBANCE
FIRSTX	  700.0000
LASTX	  200.0000
NPOINTS	     501
FIRSTY	    -2.24685
MAXY	     4.71741
MINY	    -4.80807
XYDATA
700.0000	-2.24685	0.000323791	327.114	0.218997
699.0000	-2.14478	0.000318766	326.375	0.216433
698.0000	-2.19842	0.000326344	325.449	0.213621
697.0000	-2.20884	0.000340299	324.39	0.211205
696.0000	-2.23545	0.000315899	323.183	0.208229
695.0000	-2.23805	0.000297726	321.798	0.204327
694.0000	-1.99833	0.000275503	320.433	0.202176
693.0000	-1.88161	0.000286162	319.153	0.204554
692.0000	-1.90212	0.00031476	318.099	0.209419
691.0000	-1.64307	0.000334266	317.301	0.216508
690.0000	-1.84893	0.000342387	316.725	0.222991
689.0000	-1.62807	0.000371149	316.334	0.227689
688.0000	-1.83853	0.000360699	316.041	0.229875
687.0000	-1.90085	0.000386119	315.894	0.231318
686.0000	-1.87708	0.000391033	316.024	0.233436
685.0000	-1.82511	0.000398652	316.368	0.235003
684.0000	-2.21875	0.000402998	316.806	0.234307
683.0000	-2.31142	0.000430597	317.273	0.232528
682.0000	-2.22122	0.000426179	317.892	0.23172
681.0000	-2.03886	0.000442114	318.613	0.231367
680.0000	-2.24851	0.000426407	319.195	0.228135
679.0000	-2.27712	0.000428903	319.403	0.221053
678.0000	-2.34474	0.000420987	319.324	0.215963
677.0000	-2.1362	0.000396378	319.145	0.213623
676.0000	-2.31979	0.000367912	318.958	0.21295
675.0000	-2.68487	0.000370552	318.82	0.213302
674.0000	-2.67263	0.000395488	318.711	0.214466
673.0000	-2.74992	0.000412194	318.652	0.215593
672.0000	-2.62201	0.000417115	318.584	0.215854
671.0000	-2.46713	0.000395931	318.537	0.215412
670.0000	-2.33238	0.000384406	318.511	0.215763
669.0000	-1.90749	0.000399734	318.504	0.215967
668.0000	-1.83541	0.000395245	318.527	0.215878
667.0000	-1.52619	0.000375657	318.607	0.215289
666.0000	-1.53427	0.000373571	318.74	0.215251
665.0000	-1.70545	0.00035529	318.91	0.215475
664.0000	-1.89095	0.000380441	319.065	0.214627
663.0000	-1.96372	0.000385027	319.21	0.213274
662.0000	-1.79027	0.00041102	319.324	0.21284
661.0000	-2.07043	0.000418759	319.373	0.21258
660.0000	-1.97555	0.000446331	319.387	0.212897
659.0000	-1.92839	0.000446346	319.357	0.21174
658.0000	-1.71576	0.000451677	319.288	0.211091
657.0000	-1.76045	0.000444298	319.137	0.210045
656.0000	-1.73127	0.000438305	318.92	0.210092
655.0000	-1.81197	0.00040704	318.592	0.20944
654.0000	-1.8496	0.000397169	318.155	0.208338
653.0000	-1.62162	0.000377871	317.655	0.207689
652.0000	-1.67272	0.000391769	317.136	0.210319
651.0000	-1.63241	0.000408283	316.76	0.213649
650.0000	-1.94883	0.000414322	316.585	0.217792
649.0000	-1.93281	0.000437268	316.621	0.22152
648.0000	-1.82238	0.000446525	316.841	0.225062
647.0000	-1.83034	0.000443938	317.223	0.227987
646.0000	-1.95406	0.000441529	317.653	0.229987
645.0000	-2.11099	0.000410847	318.068	0.230164
644.0000	-1.81522	0.00042588	318.378	0.229102
643.0000	-1.59408	0.000416135	318.535	0.228042
642.0000	-1.87316	0.000407519	318.579	0.227085
641.0000	-1.99282	0.000398879	318.54	0.226021
640.0000	-2.30548	0.000413127	318.424	0.226035
639.0000	-2.46594	0.000429292	318.239	0.225699
638.0000	-2.67769	0.000421846	317.993	0.226197
637.0000	-2.94441	0.000414823	317.74	0.226913
636.0000	-3.05294	0.000430863	317.456	0.227467
635.0000	-2.72331	0.000436719	317.238	0.229116
634.0000	-2.65529	0.000438208	317.051	0.230758
633.0000	-2.66443	0.000446918	316.9	0.232125
632.0000	-2.63372	0.000422725	316.785	0.233244
631.0000	-2.48687	0.000448434	316.679	0.23416
630.0000	-2.38915	0.000441993	316.575	0.235018
629.0000	-2.58863	0.000446442	316.459	0.23517
628.0000	-2.69224	0.00045367	316.317	0.235472
627.0000	-2.57514	0.000455728	316.132	0.235743
626.0000	-2.37807	0.000454851	315.938	0.236323
625.0000	-2.31472	0.000444822	315.741	0.237703
624.0000	-2.32445	0.000450155	315.562	0.239074
623.0000	-2.10532	0.00047362	315.456	0.241577
622.0000	-2.11573	0.000479666	315.398	0.243354
621.0000	-2.14625	0.00048315	315.416	0.245339
620.0000	-2.23468	0.000487131	315.495	0.246768
619.0000	-2.34983	0.000492046	315.604	0.248208
618.0000	-2.34523	0.000490935	315.781	0.249698
617.0000	-2.32193	0.000472518	315.965	0.249237
616.0000	-2.62997	0.000471684	316.167	0.249551
615.0000	-2.31384	0.000473899	316.344	0.249199
614.0000	-2.03062	0.000458061	316.511	0.249122
613.0000	-2.06791	0.000433505	316.689	0.249155
612.0000	-2.00044	0.00044527	316.847	0.249198
611.0000	-1.73173	0.000459469	317.004	0.249567
610.0000	-1.85863	0.000455777	317.131	0.249939
609.0000	-1.67616	0.000445811	317.226	0.24986
608.0000	-1.53912	0.000445991	317.28	0.249887
607.0000	-1.43549	0.000447978	317.316	0.24981
606.0000	-1.50521	0.000476277	317.319	0.250082
605.0000	-1.67752	0.000481638	317.294	0.249635
604.0000	-1.51544	0.000503111	317.257	0.249896
603.0000	-1.36415	0.000506058	317.177	0.249722
602.0000	-1.0881	0.000525222	317.094	0.250391
601.0000	-1.4928	0.00052564	316.997	0.250654
600.0000	-1.62193	0.000524354	316.874	0.250926
599.0000	-1.42364	0.000506391	316.702	0.251955
598.0000	-1.39747	0.000484646	316.497	0.253138
597.0000	-1.75473	0.000472815	316.255	0.253928
596.0000	-1.91842	0.000456447	316.005	0.255531
595.0000	-2.14009	0.000466921	315.733	0.25678
594.0000	-1.79417	0.000463464	315.431	0.258795
593.0000	-1.85175	0.000469067	315.137	0.260616
592.0000	-1.83404	0.000471319	314.866	0.263183
591.0000	-1.79009	0.000475988	314.7	0.265687
590.0000	-1.39326	0.000504641	314.536	0.268583
589.0000	-1.60959	0.000529699	314.434	0.270993
588.0000	-1.74817	0.000520615	314.344	0.274883
587.0000	-1.56675	0.000540471	314.337	0.27782
586.0000	-1.50084	0.000554851	314.416	0.281608
585.0000	-1.57747	0.000550383	314.517	0.285553
584.0000	-1.70711	0.000531019	314.655	0.288658
583.0000	-1.67405	0.000501914	314.844	0.292331
582.0000	-1.759	0.0004859	315.1	0.29732
581.0000	-2.01365	0.000477395	315.405	0.30206
580.0000	-2.11853	0.000468352	315.753	0.308074
579.0000	-1.91498	0.000458538	316.109	0.313422
578.0000	-2.33446	0.000468734	316.494	0.319469
577.0000	-2.30871	0.000490665	316.945	0.32694
576.0000	-2.12561	0.000517227	317.451	0.334626
575.0000	-2.14041	0.000518595	318.008	0.342318
574.0000	-1.79804	0.000526871	318.595	0.35001
573.0000	-2.12741	0.000526675	319.199	0.358693
572.0000	-2.05811	0.000533743	319.869	0.367935
571.0000	-1.98166	0.000545554	320.657	0.378516
570.0000	-2.081	0.000569677	321.471	0.390076
569.0000	-2.01243	0.000592489	322.402	0.401438
568.0000	-1.97476	0.000605705	323.427	0.413698
567.0000	-2.46254	0.000631062	324.445	0.425903
566.0000	-2.46032	0.000635321	325.535	0.437931
565.0000	-2.22936	0.000641911	326.648	0.451287
564.0000	-2.11099	0.000644583	327.762	0.464575
563.0000	-2.19184	0.000653592	328.847	0.477264
562.0000	-2.05052	0.000675263	329.895	0.49018
561.0000	-1.87968	0.000715474	331.029	0.504523
560.0000	-1.58218	0.000697075	332.276	0.519877
559.0000	-0.940425	0.000721226	333.544	0.535089
558.0000	-0.77374	0.000733017	334.735	0.549423
557.0000	-0.47981	0.000768246	335.863	0.563305
556.0000	-0.158763	0.000779756	337.017	0.577361
555.0000	0.0478279	0.000821624	338.156	0.590527
554.0000	0.110563	0.000827685	339.244	0.603962
553.0000	-0.13315	0.000830819	340.205	0.615844
552.0000	-0.0493979	0.000864535	340.989	0.625489
551.0000	0.228568	0.000882464	341.69	0.63418
550.0000	0.62553	0.000883664	342.308	0.642294
549.0000	1.19898	0.00089199	342.766	0.649235
548.0000	1.41558	0.000857031	343.044	0.654617
547.0000	1.72763	0.000873735	343.146	0.658376
546.0000	2.01551	0.000879896	343.079	0.661122
545.0000	2.19096	0.000883558	342.854	0.662878
544.0000	2.05732	0.000894169	342.503	0.661881
543.0000	2.03408	0.000898807	341.979	0.6595
542.0000	2.18572	0.000878991	341.356	0.655863
541.0000	2.36415	0.000878665	340.589	0.650722
540.0000	2.83134	0.000877818	339.727	0.644797
539.0000	2.8112	0.000865387	338.791	0.637582
538.0000	3.15879	0.000872679	337.797	0.630082
537.0000	3.29952	0.000851619	336.765	0.623176
536.0000	3.2654	0.000846683	335.688	0.615828
535.0000	3.48698	0.000852172	334.669	0.608658
534.0000	3.48926	0.000852069	333.676	0.602098
533.0000	3.10352	0.000871573	332.763	0.595808
532.0000	3.18021	0.000862476	331.928	0.590398
531.0000	3.15916	0.000850618	331.143	0.586079
530.0000	3.22481	0.000853751	330.418	0.581536
529.0000	3.04798	0.00084249	329.785	0.578363
528.0000	3.16224	0.00084227	329.255	0.576253
527.0000	3.32497	0.00083973	328.838	0.575075
526.0000	3.32775	0.000832158	328.479	0.574645
525.0000	3.30683	0.000843357	328.187	0.574812
524.0000	3.47877	0.000836631	327.993	0.575733
523.0000	3.52439	0.000818233	327.861	0.577992
522.0000	3.62403	0.000835956	327.797	0.580936
521.0000	3.39373	0.000858695	327.846	0.584487
520.0000	3.33	0.000862182	327.912	0.58781
519.0000	3.12062	0.000843784	328.02	0.591839
518.0000	3.17808	0.000847537	328.159	0.595931
517.0000	3.24152	0.000839526	328.311	0.600487
516.0000	3.04547	0.0008458	328.462	0.60517
515.0000	3.19921	0.000855624	328.628	0.609096
514.0000	3.486	0.000836992	328.764	0.61291
513.0000	3.82701	0.000849676	328.831	0.616045
512.0000	4.09657	0.000880385	328.859	0.618262
511.0000	3.889	0.000893377	328.825	0.619514
510.0000	4.20591	0.000906196	328.688	0.619909
509.0000	4.20663	0.000893683	328.411	0.618896
508.0000	4.5475	0.000903454	327.912	0.616094
507.0000	4.49826	0.000911565	327.205	0.612387
506.0000	4.71068	0.000922188	326.448	0.608383
505.0000	4.55894	0.000908984	325.618	0.603085
504.0000	4.48464	0.000889898	324.682	0.5964
503.0000	4.71741	0.000910209	323.643	0.587896
502.0000	4.69456	0.000896672	322.427	0.57814
501.0000	4.54104	0.000895721	321.233	0.568009
500.0000	4.45748	0.000891908	319.941	0.556863
499.0000	4.19865	0.000894429	318.415	0.544341
498.0000	4.2267	0.000884287	316.576	0.530668
497.0000	3.93289	0.000865381	314.298	0.515445
496.0000	3.6562	0.000855617	311.699	0.501691
495.0000	3.37154	0.000829532	309.178	0.492156
494.0000	3.25534	0.00081259	307.428	0.484538
493.0000	3.35552	0.000803499	306.1	0.47461
492.0000	3.21062	0.000801063	304.961	0.464497
491.0000	2.82138	0.000773229	304.09	0.456254
490.0000	2.79196	0.000760558	303.69	0.448817
489.0000	2.62119	0.000729107	303.437	0.439023
488.0000	2.46295	0.000747775	302.505	0.424945
487.0000	2.32013	0.000750811	300.79	0.413342
486.0000	2.27293	0.000750923	298.956	0.405512
485.0000	2.27803	0.000735416	297.084	0.397794
484.0000	2.19365	0.00073197	295.329	0.393177
483.0000	2.0487	0.000742116	294.255	0.390347
482.0000	1.86425	0.000742715	293.746	0.386653
481.0000	1.81924	0.000712423	293.551	0.38292
480.0000	1.66993	0.000709045	293.601	0.37821
479.0000	1.56485	0.000695624	293.61	0.372547
478.0000	1.50939	0.000695145	293.414	0.36563
477.0000	1.38918	0.000701308	292.013	0.351697
476.0000	1.31612	0.000681879	290.013	0.346706
475.0000	1.30825	0.000669801	288.379	0.340569
474.0000	1.13382	0.000671902	286.3	0.331432
473.0000	1.11637	0.000656783	283.823	0.323033
472.0000	0.942648	0.000666068	280.795	0.313997
471.0000	0.998604	0.000657634	278.301	0.315102
470.0000	0.959972	0.000663962	278.027	0.318129
469.0000	0.992074	0.000664206	277.453	0.309312
468.0000	1.02823	0.000657266	276.734	0.304369
467.0000	0.962909	0.000656151	276.154	0.299545
466.0000	0.857801	0.000655204	276.136	0.298222
465.0000	0.862923	0.000649957	277.179	0.298461
464.0000	0.787871	0.000653736	278.382	0.288223
463.0000	0.840391	0.000643432	278.461	0.27758
462.0000	0.816169	0.000631114	278.102	0.271592
461.0000	0.97071	0.000632814	278.095	0.269209
460.0000	0.909976	0.000642794	278.669	0.266118
459.0000	0.875325	0.000621292	279.105	0.259385
458.0000	0.699551	0.000615787	279.169	0.25294
457.0000	0.75045	0.000602079	278.968	0.248214
456.0000	0.802763	0.000592802	278.366	0.242472
455.0000	0.771585	0.000583641	278.125	0.241331
454.0000	0.82886	0.000574384	277.213	0.232396
453.0000	0.82923	0.000562205	276.174	0.231939
452.0000	0.67009	0.000564481	275.963	0.230533
451.0000	0.851472	0.000559258	275.793	0.22786
450.0000	0.767404	0.000562068	275.823	0.226118
449.0000	0.88225	0.000556875	276.246	0.223393
448.0000	0.608162	0.000537722	276.446	0.220837
447.0000	0.69366	0.000538297	277.415	0.221216
446.0000	0.573039	0.000543637	277.574	0.213628
445.0000	0.723365	0.000535221	277.231	0.211137
444.0000	0.596178	0.000519575	276.854	0.209443
443.0000	0.615282	0.000524659	276.371	0.207722
442.0000	0.352122	0.00053441	275.874	0.20656
441.0000	0.245361	0.000540763	275.498	0.206211
440.0000	0.261623	0.000536286	275.229	0.205799
439.0000	0.315563	0.000526738	275.066	0.205139
438.0000	0.251297	0.000522971	274.872	0.203813
437.0000	0.288274	0.000521208	274.705	0.202506
436.0000	0.268927	0.000506913	274.722	0.201472
435.0000	0.383983	0.000499617	274.771	0.19981
434.0000	0.486953	0.000478949	274.706	0.197837
433.0000	0.357582	0.000469358	274.557	0.196522
432.0000	0.41343	0.000481682	274.388	0.195292
431.0000	0.456047	0.000481387	274.194	0.194485
430.0000	0.344607	0.000488613	273.994	0.193673
429.0000	0.200511	0.000481323	273.773	0.193128
428.0000	0.220446	0.000478763	273.565	0.192716
427.0000	0.187933	0.000486183	273.361	0.192468
426.0000	0.359309	0.000490938	273.165	0.192259
425.0000	0.23411	0.000479982	272.92	0.191931
424.0000	0.0458322	0.00046891	272.554	0.191264
423.0000	0.106015	0.000467979	272.068	0.191539
422.0000	0.162649	0.000466785	271.823	0.193106
421.0000	0.216073	0.000472391	271.713	0.19397
420.0000	0.251184	0.000485964	271.632	0.194429
419.0000	0.188016	0.000494192	271.572	0.195136
418.0000	0.341103	0.000504147	271.584	0.196106
417.0000	0.419366	0.000497476	271.722	0.197126
416.0000	0.350906	0.000501585	271.82	0.196803
415.0000	0.392299	0.000501335	271.697	0.196803
414.0000	0.218263	0.000488014	271.597	0.197453
413.0000	0.0540301	0.000476809	271.454	0.198079
412.0000	-0.0377339	0.000483055	271.355	0.199011
411.0000	-0.148112	0.000463638	271.344	0.199732
410.0000	-0.200694	0.000468637	271.406	0.200462
409.0000	-0.0939034	0.000474666	271.504	0.201149
408.0000	-0.100849	0.000467689	271.557	0.20167
407.0000	-0.135866	0.000461848	271.601	0.20225
406.0000	-0.144254	0.000457827	271.662	0.202753
405.0000	-0.106915	0.000455687	271.661	0.203489
404.0000	-0.0129289	0.000474769	271.534	0.204191
403.0000	-0.0481595	0.000470488	271.317	0.204421
402.0000	-0.0648489	0.000478041	271.006	0.204735
401.0000	-0.0830565	0.000492682	270.627	0.205207
400.0000	0.00666462	0.000508573	270.226	0.206223
399.0000	0.184301	0.000516726	269.939	0.207489
398.0000	0.160652	0.000504366	269.827	0.209034
397.0000	0.0722032	0.000506732	269.851	0.210871
396.0000	0.319843	0.000518176	270.026	0.212331
395.0000	0.380705	0.000511669	270.354	0.213477
394.0000	0.4589	0.00050787	270.707	0.214446
393.0000	0.427652	0.000496566	271.093	0.21504
392.0000	0.481341	0.000486763	271.437	0.215435
391.0000	0.467323	0.000493954	271.7	0.215722
390.0000	0.418545	0.000478856	271.913	0.216036
389.0000	0.305094	0.000482481	272.072	0.216615
388.0000	0.222085	0.000471203	272.22	0.217243
387.0000	0.269499	0.000467783	272.313	0.217978
386.0000	0.321651	0.000473933	272.304	0.218738
385.0000	0.281048	0.00047056	272.247	0.219493
384.0000	0.254938	0.000466523	272.183	0.220525
383.0000	0.273561	0.000460434	272.129	0.221865
382.0000	0.135365	0.000471437	272.082	0.223166
381.0000	0.199066	0.000469673	272.081	0.22434
380.0000	0.241106	0.000461985	272.105	0.225548
379.0000	0.0543606	0.000450845	272.195	0.226908
378.0000	0.0082431	0.000435974	272.3	0.228425
377.0000	-0.085183	0.000442881	272.436	0.230101
376.0000	0.0268452	0.000435586	272.57	0.231981
375.0000	0.195839	0.00042001	272.715	0.23422
374.0000	0.143953	0.000419118	272.886	0.237413
373.0000	0.0418883	0.00039878	273.07	0.24062
372.0000	0.254518	0.000403896	273.313	0.244281
371.0000	0.350799	0.00040406	273.587	0.24779
370.0000	0.468327	0.000395899	273.897	0.251687
369.0000	0.425374	0.000401234	274.261	0.255884
368.0000	0.330678	0.000406795	274.71	0.260938
367.0000	0.571965	0.000407476	275.28	0.266953
366.0000	0.709064	0.000426548	275.893	0.2734
365.0000	0.755942	0.000443726	276.614	0.281012
364.0000	0.903806	0.000439954	277.358	0.288883
363.0000	0.853397	0.000453889	278.173	0.297491
362.0000	0.991413	0.000472459	279.126	0.307609
361.0000	0.993284	0.000463012	280.14	0.318354
360.0000	0.72177	0.000467868	281.283	0.330313
359.0000	0.742384	0.000471388	282.576	0.344199
358.0000	0.650097	0.000482363	283.937	0.35872
357.0000	0.46742	0.000482674	285.463	0.375083
356.0000	0.363563	0.000485641	287.201	0.393437
355.0000	0.378193	0.000484319	289.038	0.412785
354.0000	0.282271	0.000485402	291.001	0.433212
353.0000	0.487215	0.000491301	293.204	0.456312
352.0000	0.571158	0.000494156	295.637	0.481787
351.0000	0.533909	0.000483415	298.393	0.511027
350.0000	0.716478	0.000481774	301.066	0.539061
349.0000	0.735679	0.000504166	304.193	0.571989
348.0000	0.780733	0.000532476	307.595	0.607007
347.0000	0.979233	0.00054614	311.234	0.644323
346.0000	0.86314	0.000552494	315.122	0.68391
345.0000	0.795029	0.000541742	319.292	0.725618
344.0000	0.779421	0.00055923	323.867	0.770737
343.0000	0.680492	0.000578869	328.639	0.817503
342.0000	0.659406	0.000569885	333.648	0.866084
341.0000	0.509167	0.000560232	339.13	0.918672
340.0000	0.571975	0.000560346	344.667	0.971048
339.0000	0.495297	0.000570842	350.674	1.02694
338.0000	0.610483	0.0005916	357	1.08472
337.0000	0.521119	0.000618877	363.801	1.14594
336.0000	0.260932	0.00064654	370.967	1.20934
335.0000	0.102084	0.000648355	378.104	1.27129
334.0000	0.103626	0.000658017	385.289	1.33308
333.0000	0.145223	0.000697172	393.322	1.40097
332.0000	0.586251	0.000730583	401.381	1.4678
331.0000	0.51845	0.000760423	409.148	1.53148
330.0000	0.602542	0.000756607	417.62	1.59979
329.0000	0.495463	0.000769991	425.481	1.66213
328.0000	0.402263	0.000818603	433.639	1.72579
327.0000	0.235132	0.000815216	441.195	1.784
326.0000	-0.0400771	0.000838403	448.645	1.84087
325.0000	-0.234121	0.000844891	456.026	1.89644
324.0000	-0.874376	0.000827809	462.928	1.94736
323.0000	-1.22491	0.000859633	469.703	1.9966
322.0000	-1.11517	0.000836646	475.787	2.04021
321.0000	-1.25728	0.000829613	481.312	2.07928
320.0000	-1.10328	0.000856997	486.291	2.11372
319.0000	-1.4603	0.000869166	490.502	2.14214
318.0000	-1.72091	0.000894946	493.895	2.1653
317.0000	-1.87852	0.000917421	496.634	2.18383
316.0000	-1.75217	0.000906119	498.448	2.19642
315.0000	-1.22833	0.000969328	499.455	2.20339
314.0000	-1.00434	0.000948863	499.732	2.2051
313.0000	-1.86412	0.000960014	499.228	2.20092
312.0000	-1.80561	0.000957803	497.917	2.19067
311.0000	-1.47267	0.000919651	495.993	2.17628
310.0000	-1.68753	0.00090533	493.316	2.15633
309.0000	-1.93788	0.000868287	490.3	2.1339
308.0000	-2.10633	0.00082975	486.513	2.10607
307.0000	-2.29313	0.000849691	482.298	2.07552
306.0000	-1.60522	0.000861875	477.577	2.04127
305.0000	-1.60472	0.000866409	472.669	2.00549
304.0000	-1.5244	0.000840775	467.52	1.96763
303.0000	-1.10413	0.000834236	462.112	1.92699
302.0000	-1.25838	0.000822443	456.783	1.88661
301.0000	-1.28924	0.000810189	451.305	1.84461
300.0000	-0.94351	0.000826901	446.072	1.80396
299.0000	-1.10337	0.000786965	440.87	1.76339
298.0000	-1.09718	0.000727072	435.862	1.72409
297.0000	-0.666758	0.000728126	431.068	1.68606
296.0000	-1.06166	0.000687486	426.724	1.65131
295.0000	-0.945247	0.000670554	422.798	1.62007
294.0000	-0.944486	0.000626661	418.95	1.59023
293.0000	-0.94276	0.000590651	415.786	1.56443
292.0000	-1.39004	0.000556339	413.243	1.54274
291.0000	-1.1829	0.000586622	411.145	1.52467
290.0000	-0.960128	0.000594405	409.531	1.51043
289.0000	-0.500256	0.000610273	408.432	1.49995
288.0000	-0.0623468	0.000608571	407.979	1.49445
287.0000	0.163323	0.000611511	408.056	1.49262
286.0000	0.407435	0.000587596	408.439	1.49472
285.0000	0.115599	0.000561479	409.314	1.5006
284.0000	0.408155	0.000555867	410.675	1.51061
283.0000	0.522611	0.000570456	412.349	1.52339
282.0000	0.192197	0.000556004	414.43	1.53959
281.0000	-0.118531	0.00056527	416.973	1.55889
280.0000	-0.389828	0.000584633	419.697	1.57972
279.0000	0.00215283	0.000620642	422.892	1.60392
278.0000	-0.0239878	0.000619959	426.355	1.63031
277.0000	0.159602	0.000629013	430.331	1.66021
276.0000	0.18692	0.000620549	434.449	1.69077
275.0000	0.178019	0.000656713	438.752	1.72248
274.0000	0.182061	0.000656864	443.584	1.75794
273.0000	0.428906	0.000679372	448.901	1.79636
272.0000	-0.019514	0.000679548	454.321	1.83507
271.0000	-0.587547	0.000686363	460.361	1.87774
270.0000	-0.616444	0.000712271	466.597	1.92114
269.0000	-0.79745	0.000687598	473.108	1.96569
268.0000	-1.15448	0.000672444	479.742	2.0103
267.0000	-1.55537	0.000722172	486.794	2.057
266.0000	-1.33403	0.00071088	494.179	2.10542
265.0000	-1.16732	0.000675412	501.516	2.15235
264.0000	-0.930341	0.000655927	509.098	2.20027
263.0000	-1.29763	0.00067749	516.556	2.24621
262.0000	-1.11159	0.000652771	524.035	2.29135
261.0000	-1.21635	0.000631623	531.729	2.33694
260.0000	-1.31787	0.000654337	539.065	2.37956
259.0000	-2.641	0.000676668	546.732	2.42377
258.0000	-2.4607	0.000686532	554.572	2.46835
257.0000	-2.05405	0.000648493	562.709	2.51406
256.0000	-2.24143	0.000660278	571.115	2.56109
255.0000	-2.50847	0.000659668	580.068	2.61123
254.0000	-3.00289	0.000618645	589.952	2.66638
253.0000	-2.93549	0.000602289	600.418	2.72436
252.0000	-2.59821	0.000579354	612.44	2.79025
251.0000	-2.90267	0.000618223	628.376	2.87616
250.0000	-2.78642	0.000646196	642.68	2.95224
249.0000	-2.7109	0.000619919	657.697	3.03083
248.0000	-2.52626	0.000635811	673.741	3.11342
247.0000	-2.69721	0.000618263	690.66	3.19884
246.0000	-2.6814	0.000585448	708.222	3.28561
245.0000	-3.23646	0.000570494	727.065	3.37704
244.0000	-2.83958	0.000597809	745.829	3.46614
243.0000	-3.16861	0.000518379	764.426	3.55207
242.0000	-2.53668	0.000503714	781.609	3.62899
241.0000	-2.18693	0.00046842	796.899	3.69518
240.0000	-2.30884	0.000397271	810.507	3.75204
239.0000	-2.22221	0.000420638	822.374	3.79923
238.0000	-1.95343	0.000387807	831.809	3.83429
237.0000	-1.19764	0.000363406	839.383	3.86032
236.0000	-1.10011	0.000415071	844.803	3.87641
235.0000	-1.31885	0.000391761	848.701	3.88534
234.0000	-1.79891	0.000382693	851.146	3.88839
233.0000	-1.61638	0.000388764	852.713	3.88815
232.0000	-1.67646	0.000404695	854.01	3.88547
231.0000	-1.714	0.00041254	854.825	3.88014
230.0000	-2.42982	0.000380328	854.982	3.87169
229.0000	-2.08186	0.000415325	854.803	3.86202
228.0000	-2.06762	0.000412353	854.727	3.8523
227.0000	-2.26967	0.000437371	854.758	3.84304
226.0000	-2.44164	0.000435166	854.817	3.83287
225.0000	-2.52214	0.000441753	854.786	3.82226
224.0000	-1.92494	0.000448722	854.699	3.81187
223.0000	-2.61995	0.000408569	854.888	3.80272
222.0000	-2.55642	0.000415937	854.97	3.79251
221.0000	-2.44319	0.00038595	855.031	3.78179
220.0000	-2.23259	0.000400119	854.996	3.77155
219.0000	-2.08978	0.000378419	855.262	3.76338
218.0000	-2.53748	0.000336564	855.648	3.75657
217.0000	-2.11417	0.000325262	856.061	3.75002
216.0000	-2.11271	0.000350618	856.564	3.74459
215.0000	-2.00574	0.000323816	856.767	3.73746
214.0000	-2.09179	0.000299724	856.696	3.73009
213.0000	-1.8341	0.000318611	856.466	3.7225
212.0000	-1.22106	0.000309416	856.018	3.71423
211.0000	-1.17477	0.000292565	855.521	3.70584
210.0000	-1.34911	0.000306332	855.068	3.69761
209.0000	-1.70662	0.000354852	854.868	3.69063
208.0000	-2.22317	0.000418295	854.825	3.68481
207.0000	-2.49466	0.000489579	854.823	3.67935
206.0000	-3.18235	0.000519617	854.977	3.6747
205.0000	-4.22056	0.000598277	855.158	3.66992
204.0000	-4.45805	0.000630501	855.28	3.66519
203.0000	-4.20101	0.000650114	855.28	3.65964
202.0000	-4.80807	0.000659737	854.825	3.65171
201.0000	-4.58722	0.000641047	854.28	3.64302
200.0000	-4.67605	0.000622491	853.778	3.634

##### Extended Information
[Comments]
Sample name	JS187_5E-5_H2O_100eqdt
Comment
User
Division
Company	Labo systeme complexes hors equilibre

[Detailed Information]
Creation date	6/12/2023 3:28 PM

Data array type	Linear data array * 4
Horizontal axis	Wavelength [nm]
Vertical axis(1)	CD [mdeg]
Vertical axis(2)	LD [dOD]
Vertical axis(3)	HT [V]
Vertical axis(4)	Abs
Start	700 nm
End	200 nm
Data interval	1 nm
Data points	501     

[Measurement Information]
Instrument name	CD Jasco
Model name	J-1500
Serial No.	A005261638

Detector	PM-539
Detector S/N	A0052PM539
  Lock-in amp.	X mode
  HT volt	Auto

Measurement date	6/12/2023 3:28 PM

Photometric mode	CD, LD, HT, Abs
Measure range	700 - 200 nm
Data pitch	1 nm
CD scale	20 mdeg/0.05 dOD
FL scale	200 mdeg/1.0 dOD
D.I.T.	2 sec
Bandwidth	1.00 nm
Start mode	Immediately
Scanning speed	200 nm/min
Baseline correction	Baseline
Shutter control	Auto


